$ANSIBLE_VAULT;1.1;AES256
65363331616562363731656361336566616564616532376662336664393138623662363534666536
3535626231343339393563656139343834386332346261310a663463383566343364353832666232
65376365313963373535656639643061353238643235346461626237613631356662653937333136
3338313966666539610a616135306530343737623835313334313532383666633739326535616465
38633732653163343138306431306461383631336633643133303765363733653264383564616536
31353031316164633230646331303432616433326666346465333864396534316161636238303134
32666636626339343666333732306639623830306438373330343264616362613337646362643034
36663531326264356365376237373538636365303166633039393961343833383632333561386565
38636636343839623531396637633166653538383838383166393265653636333735333135393566
36626532656562306261643635303037346433353161383134383738316239353136316337323662
34306564323066323062666466663638316664623664646339333336316230356137326239323535
65326562656339393133313066383439353239303235323462373834643437666433663663376432
36633464623062656166626339616235636139386534653139376263346337306561323561643535
34613233396438343165616238636437613061306562383132336461386439643132653031373138
62346164323237393733653137366137393334396233326164396166346235646133316361313531
35333366633630623437633530656538646337346365663035353364393332323962323331666361
64376534373962353938643035306661613066376362383931383462663932663064353339373239
37646366383263343433316135396364613164333035326531633530666361313432386535636430
62666465393633633362613730323462373564656634623763386234663463363439663831313035
32633935386339326135323536626666333664386662616237383461306338623832376132353466
31656166613334383766376163346436643636646238376430363031653061323137333131353362
31303935326531633536626535386365363666336438396263346137306538366363393961363939
33653866623037343435653064666361633131623937356535386431643231383964303030613466
37323532336430383931616663663361656434623737343830363963366564393939383838663766
35303235303034393361636165303433663633356134323839303337396264616264366236333063
61653138653661653637326331663532386533346433653037613535323337616435613064633437
32333236353266333361663930376334616331626636366331633838313738663664643736303734
37343266323565616438633965633865336338343736376131306238616364313866336233653130
6431
